2 0.13383469626168226 0.8322949117341641 0.04818925233644859 0.09994807892004158
2 0.2112295560747664 0.6898364485981309 0.042348130841121455 0.07982866043613703
0 0.20885660046728977 0.8271028037383178 0.10185455607476634 0.1336967808930426
0 0.3065128504672897 0.7563603322949117 0.10587032710280368 0.13629283489096575
0 0.23268025335864487 0.9485526998961578 0.12248667494158867 0.10011682242990645
0 0.37003504672897203 0.609358774662513 0.07666471962616828 0.09280893042575289
0 0.4191369742990655 0.5846962616822431 0.07775992990654204 0.11876947040498449
0 0.4039865654205608 0.453920041536864 0.09199766355140189 0.14797507788161998
0 0.5041983060747663 0.3039979231568017 0.052205023364486 0.1388888888888888
5 0.7309604458041957 0.43735431235431227 0.01720935314685317 0.05293317793317793
0 0.6495295698924731 0.040023894862604555 0.035282258064516195 0.059737156511350045