0 0.3665232793522267 0.6152721547458389 0.06705465587044528 0.08378317588843906
0 0.3962550607287449 0.6133040935672515 0.056300607287449324 0.06635177687809259
0 0.430414979757085 0.5787224471434997 0.052505060728744904 0.06691408007197484
0 0.42929864253393674 0.5058132227249875 0.05815186651583719 0.05656108597285067
0 0.44617859162895934 0.5633169934640523 0.060096153846153834 0.05656108597285067
0 0.5060979920814479 0.5124120160884867 0.052319004524886914 0.07604323780794367
0 0.5774833162217659 0.2453228382386493 0.035132186858316226 0.053616244581337034
0 0.5926430954825461 0.2950889801505818 0.042992813141683774 0.08812457221081453
0 0.591038886036961 0.37579853981291356 0.07347279260780289 0.09154688569472967
0 0.5376989219712526 0.35326830937713893 0.05149512320328542 0.07329454711384907
0 0.4948985541044776 0.40308872305140964 0.034544076492537365 0.07488598673300173
0 0.49963561100746273 0.3563173714759536 0.054512593283582066 0.07462686567164177
1 0.3926326815642458 0.17101179391682184 0.08379888268156432 0.0993171942892613
2 0.1899004888268156 0.46702358783364367 0.05106494413407821 0.06440099317194287
2 0.35051501396648044 0.26955307262569833 0.0589210893854748 0.04500310366232153
2 0.6095495810055865 0.14657045313469894 0.04626396648044704 0.058193668528864054
3 0.38306451612903225 0.471326164874552 0.0367943548387097 0.06989247311827956
3 0.4732862903225806 0.4413082437275986 0.03377016129032251 0.06362007168458782
3 0.7041480654761905 0.19631834215167548 0.0365823412698413 0.07220017636684303
3 0.8616381448412695 0.12301587301587304 0.044642857142857116 0.08652998236331569
3 0.75390625 0.10923721340388008 0.04371279761904763 0.0655864197530864
3 0.9557291666666664 0.21588403880070547 0.0561135912698413 0.06723985890652556
3 0.5241531488549619 0.5662637828668363 0.06679389312977087 0.0646734520780323
3 0.3807251908396947 0.7184054283290926 0.0328005725190839 0.05937234944868537
3 0.6330236486486486 0.1924007340674007 0.012199699699699718 0.032949616282949595
3 0.6334928678678677 0.23848848848848847 0.013138138138138179 0.04504504504504503
3 0.6454579579579579 0.2339005672339005 0.012668918918918947 0.052552552552552555