2 0.12709407216494842 0.9048539518900343 0.06040592783505157 0.10524054982817875
2 0.2515302835051546 0.6839919816723941 0.0483247422680412 0.09020618556701028
0 0.26924935567010305 0.8400630011454753 0.10873067010309283 0.1388888888888889
0 0.28958601804123707 0.958906071019473 0.1010792525773195 0.07302405498281798
0 0.363683956185567 0.7358963344788088 0.07288981958762886 0.11812714776632305
2 0.31535921391752575 0.5329324169530355 0.04792203608247414 0.06013745704467352
0 0.3982534358638744 0.6350712623618382 0.06339986910994763 0.08726003490401395
0 0.431282722513089 0.6205279232111692 0.062377290575916254 0.10616637579988372
0 0.41696662303664916 0.5098167539267016 0.08978239528795813 0.0999854566608494
0 0.4789348821989529 0.41273996509598604 0.06442244764397911 0.1152559627690518
0 0.515849967277487 0.4678228621291448 0.048265706806282706 0.09744037230948221
0 0.5240305955497382 0.27657795229784754 0.06176374345549744 0.1163467132053519
0 0.5581847185863874 0.2314936009307737 0.03313154450261777 0.0879872018615474
5 0.6519097222222221 0.8896604938271605 0.04904513888888884 0.08024691358024698
5 0.7528135926573427 0.31594794094794093 0.016663024475524323 0.044191919191919185