2 0.15270483193277304 0.49941643323996265 0.11160714285714284 0.11788048552754431
2 0.04634978991596633 0.38328664799253037 0.0892857142857143 0.11437908496732029
2 0.037158613445378096 0.8828197945845006 0.06827731092436976 0.19607843137254896
0 0.30468750000000006 0.566523883696781 0.04015771028037385 0.11487538940809969
0 0.3811696845794393 0.48280114226375914 0.03541179906542062 0.14473001038421593
0 0.39321699766355145 0.4480789200415369 0.022269275700934666 0.09994807892004141
0 0.42771612149532706 0.37863447559709246 0.045998831775700924 0.08177570093457953
0 0.4324620327102805 0.4191978193146418 0.029935747663551383 0.10449117341640696
0 0.4744355366492147 0.4358275159976731 0.051333442408376936 0.1425247236765561
0 0.5099676724137931 0.5866858237547893 0.047952586206896616 0.15613026819923376
0 0.4826540646853147 0.30186480186480186 0.03796984265734267 0.10538073038073041
0 0.4728452620967742 0.3307571684587814 0.024193548387096708 0.0586917562724015
0 0.4628276209677419 0.3503584229390681 0.027595766129032206 0.06070788530465947
0 0.5225360576923077 0.22432081807081808 0.05258413461538458 0.10683760683760679
0 0.5489354395604394 0.28632478632478636 0.047003777472527465 0.07898351648351647
0 0.6573231456043955 0.09878663003663007 0.040994162087912046 0.08775946275946277
3 0.7757045200892858 0.10751488095238101 0.061732700892857026 0.08308531746031746
3 0.6991489955357143 0.14564732142857148 0.023716517857142884 0.08370535714285714
3 0.898646763392857 0.10348462301587308 0.046037946428571355 0.07998511904761905
3 0.9764857700892857 0.06824554681947426 0.04546595982142865 0.0814315698294246
2 0.5657034518828452 0.196652719665272 0.059492677824267745 0.08484425848442585
3 0.6014971234309623 0.29166666666666674 0.043475418410041836 0.08310088331008833
3 0.36440805288461536 0.5854700854700855 0.038686899038461585 0.08279914529914534
3 0.41398737980769235 0.5744524572649573 0.045447716346153924 0.04473824786324785