0 0.39369419642857145 0.5466269841269841 0.03571428571428577 0.09126984126984128
0 0.638671875 0.5540674603174603 0.03794642857142856 0.09027777777777778
0 0.5776127049180328 0.4143897996357012 0.040983606557377074 0.10883424408014572
0 0.5489241803278689 0.37135701275045535 0.029713114754098324 0.0956284153005465
0 0.5653176229508198 0.34767759562841527 0.029200819672131128 0.07832422586520948
0 0.48027663934426235 0.4601548269581056 0.046618852459016404 0.12295081967213115
0 0.48424692622950827 0.4811020036429873 0.03355532786885247 0.09380692167577417
0 0.5098616803278689 0.3645264116575592 0.034067622950819665 0.08105646630236794
2 0.5212602459016393 0.27049180327868844 0.07940573770491807 0.06876138433515482
2 0.498719262295082 0.3806921675774134 0.07069672131147549 0.05236794171220396
3 0.6101434426229508 0.337431693989071 0.04559426229508192 0.07695810564663022
3 0.6198388009049773 0.2228506787330317 0.05832861990950224 0.08358471593765711
3 0.6901866515837105 0.2542735042735043 0.05762160633484168 0.07478632478632481
0 0.6599618212669685 0.16094771241830066 0.03322963800904981 0.07792860734037205
3 0.9121692200557103 0.12221448467966568 0.06615598885793865 0.07273290003095019
3 0.80466573816156 0.07656298359640973 0.032207520891364895 0.05880532342927887
3 0.7756136838440112 0.0848808418446301 0.021108983286908155 0.0359795728876509
4 0.7166391016713092 0.09184463014546576 0.03895369080779938 0.03907458991024453
3 0.8150026114206128 0.025495202723614923 0.013274721448467908 0.03714020427112348
3 0.7914998259052924 0.047547199009594504 0.01588614206128138 0.02940266171463942
3 0.9223972841225627 0.026075518415351225 0.05527506963788316 0.04990714948932219
3 0.9868134139972146 0.023533461647580738 0.024810672005571098 0.03785924765294556
2 0.6100643382352942 0.49428104575163395 0.10110294117647056 0.05228758169934638
0 0.4701188568376068 0.556980056980057 0.04206730769230775 0.09734093067426401
3 0.4238782051282051 0.6593660968660968 0.057091346153846166 0.06588319088319083
2 0.20368806306306314 0.7271021021021021 0.049268018018018014 0.07882882882882886
2 0.10972691441441447 0.9135385385385386 0.05701013513513514 0.05880880880880868
2 0.35712274774774777 0.4705955955955956 0.03378378378378373 0.06881881881881877