1 0.05324317226890751 0.36286181139122314 0.1017594537815126 0.103874883286648
2 0.06144957983193271 0.5426003734827264 0.05777310924369748 0.0688608776844071
2 0.47373949579831925 0.16970121381886089 0.059086134453781546 0.06535947712418302
2 0.6490453890489913 0.11315241754723022 0.032420749279538794 0.03762407941082293
2 0.8548270893371758 0.24283541466538583 0.05898775216138326 0.07925072046109508
3 0.9716768731988473 0.1871998078770413 0.053584293948126846 0.07604867114953567
3 0.8721631844380404 0.30727665706051877 0.07474783861671472 0.06163944924751842
3 0.8087851224783862 0.18960134486071084 0.055610590778097976 0.074447646493756
3 0.7642065922190201 0.12796189561319243 0.09793768011527373 0.07044508485430676
3 0.8020307997118156 0.03009926352865835 0.038949927953890476 0.05403458213256483
2 0.7816552593659941 0.07352705731668266 0.032420749279538974 0.06724303554274734
3 0.6325525929549902 0.1383724722765819 0.03439946183953033 0.052728854098717116
3 0.59448385518591 0.1719395520765384 0.020945450097847384 0.05463144161774298
3 0.6167096712538227 0.22901800883452264 0.043004587155963316 0.06328576282704725
3 0.3560049019607844 0.5036310820624545 0.061785130718954306 0.07443718228031955
3 0.5257863562091504 0.5503812636165577 0.07659313725490194 0.07352941176470587
3 0.5610191993464053 0.2530864197530863 0.05004084967320264 0.07262164124909225
0 0.33847513686131386 0.5813564476885644 0.07185218978102181 0.08160989456609889
0 0.3763971259124087 0.5793288726682887 0.045050182481751834 0.07147201946472026
0 0.4070483576642336 0.555758313057583 0.05160812043795619 0.06792376317923762
0 0.4053375912408759 0.47718978102189785 0.06073220802919703 0.09022708840227085
0 0.44434137291280146 0.47049577406720267 0.033192254174397105 0.061327561327561377
0 0.48412859461966606 0.455292723149866 0.055658627087198376 0.07472686044114611
0 0.5246405380333952 0.34152752009894866 0.025945037105751467 0.07292310863739439
0 0.4543972190366972 0.38771024464831805 0.022219036697247764 0.05733944954128434
0 0.47500358371559637 0.3458205912334353 0.0301032110091743 0.0786824668705402
0 0.6391377580275229 0.3047273190621815 0.05196387614678892 0.09715851172273192
0 0.5873530676605505 0.2650675331294598 0.031178325688073372 0.08282364933741083
0 0.5585041571100918 0.1828809887869521 0.04730504587155968 0.07199286442405711