0 0.2833440721649484 0.5655068728522336 0.04590850515463911 0.13530927835051543
3 0.3413337628865979 0.6098940435280642 0.03946520618556706 0.11096792668957621
0 0.46738079896907203 0.5955756013745704 0.06684922680412368 0.15535509736540673
0 0.3653846153846154 0.45806623931623924 0.036658653846153834 0.14957264957264954
0 0.3819110576923077 0.41372863247863245 0.03725961538461542 0.11858974358974363
0 0.4236778846153846 0.4821047008547009 0.033653846153846166 0.0993589743589743
0 0.4182692307692307 0.4078525641025641 0.028846153846153834 0.07158119658119659
0 0.4319411057692307 0.359775641025641 0.027944711538461498 0.08867521367521362
0 0.4322415865384615 0.2721688034188034 0.04777644230769225 0.07585470085470089
0 0.4622896634615385 0.30074786324786323 0.03215144230769225 0.07959401709401712
0 0.48783052884615385 0.25080128205128205 0.05859375 0.10790598290598288
3 0.5380108173076923 0.25267094017094016 0.04296875 0.0710470085470086
3 0.5396634615384615 0.1669337606837607 0.026442307692307754 0.08012820512820513
0 0.5609975961538461 0.17601495726495725 0.039663461538461495 0.08867521367521365
0 0.5424770541958042 0.10178710178710174 0.07512019230769225 0.0878982128982129
0 0.6072170017482518 0.09037490287490282 0.055998688811188836 0.09324009324009322
1 0.7322397508038586 0.022374062165058915 0.043458601286173695 0.03483386923901393