0 0.6410757211538461 0.47542735042735046 0.08022836538461542 0.15758547008547008
0 0.5748197115384615 0.37767094017094016 0.04206730769230775 0.14262820512820512
0 0.5252403846153847 0.3888888888888889 0.03245192307692309 0.07852564102564104
0 0.48793794536817103 0.41142121931908154 0.02839222090261284 0.06993929796780157
0 0.44804038004750596 0.4049881235154394 0.06142369358669839 0.04189759831089993
0 0.44488568883610463 0.4374835048825547 0.05956799287410926 0.07323832145684876
0 0.46576232185273164 0.4642055951438374 0.047877078384798114 0.040907891264185835
0 0.5901988636363636 0.17702020202020202 0.05255681818181816 0.07171717171717175
4 0.622643156424581 0.11320608317815022 0.0340432960893855 0.056641837368094354
0 0.3766921082949309 0.574884792626728 0.03780241935483879 0.06976446492575523
0 0.4616109913793104 0.5138888888888888 0.03367456896551726 0.08093869731800767
3 0.20258763227513232 0.7116402116402116 0.044642857142857116 0.08818342151675469
3 0.5142563868613139 0.6165855636658557 0.07926551094890515 0.06995133819951344
3 0.6815257352941176 0.18520220588235295 0.04222196691176468 0.0827205882352941
2 0.5749655330882353 0.30162377450980393 0.06002987132352935 0.06842320261437906
2 0.6117302389705882 0.24009395424836602 0.06117876838235299 0.0648488562091504
3 0.6431812959558825 0.3161764705882353 0.05227481617647056 0.06791258169934646
2 0.6951800847457626 0.115819209039548 0.025026483050847405 0.04072504708097928
3 0.7207362288135593 0.0940442561205273 0.025556144067796716 0.047551789077212823
3 0.8177811771561772 0.04221704221704225 0.04115675990675989 0.06831131831131833
3 0.7404756701631702 0.04318829318829322 0.020942599067599054 0.04500129500129501
3 0.9132976398601398 0.10130147630147633 0.057728729603729434 0.060865060865060876
3 0.8825211247086248 0.05759518259518261 0.04534527972027984 0.06539756539756539
2 0.7234053938356164 0.48525494672754954 0.09417808219178089 0.06278538812785384
3 0.9741010273972602 0.1913051750380518 0.03478167808219172 0.07610350076103502