3 0.09690126050420163 0.5852007469654529 0.06039915966386554 0.08636788048552752
0 0.11200105042016802 0.7217553688141923 0.05514705882352942 0.18907563025210083
0 0.13662027310924366 0.7380952380952381 0.06236869747899161 0.1960784313725491
0 0.20752363445378147 0.550186741363212 0.05449054621848737 0.20074696545284781
3 0.26742788461538464 0.5916132478632479 0.060096153846153834 0.08440170940170941
0 0.24209744236311243 0.4987992315081652 0.042101945244956786 0.12848222862632086
0 0.2727170389048991 0.4915946205571566 0.0439030979827089 0.10526737111751522
3 0.33297150195694714 0.5300337029789085 0.03394080234833656 0.06577516851489457
5 0.3061615566037736 0.5256439053608865 0.011160714285714324 0.022461814914645117
0 0.3204931358381503 0.34886801541425816 0.052610187861271654 0.15494540783558128
3 0.3709582731213873 0.35689627488760434 0.036127167630057765 0.07385998715478491
0 0.3851833453757226 0.2426942838792549 0.03883670520231206 0.08630378933847141
2 0.4276327673410405 0.32177263969171477 0.024837427745664796 0.04295118818240206
0 0.30841311416184974 0.07871708413615924 0.014902456647398843 0.027296082209377015
0 0.3749096820809249 0.05744219653179187 0.014676661849710903 0.02408477842003853
0 0.41408507947976875 0.03757225433526007 0.014450867052023053 0.026894669235709698
0 0.3937803725701943 0.15712742980561553 0.046740010799136034 0.12449004079673627
0 0.42541846652267806 0.19657427405807534 0.030035097192224657 0.1091912646988241
0 0.45389619098712436 0.20612780162136385 0.014417918454935563 0.06080114449213158
0 0.48692328326180256 0.10091797806390085 0.05968347639484985 0.09477825464949928
0 0.5186091738197425 0.046077730090605666 0.03386534334763951 0.08762517882689555