2 0.32438287815126043 0.31209150326797386 0.08994222689075629 0.09803921568627452
2 0.36541491596638653 0.44456115779645194 0.0800945378151261 0.08053221288515407
2 0.36639968487394947 0.6377217553688143 0.11095063025210083 0.12138188608776848
0 0.3713942307692307 0.5534188034188035 0.036658653846153834 0.08386752136752133
0 0.4649939903846153 0.5689102564102565 0.050180288461538415 0.12232905982905977
0 0.4495192307692307 0.47622863247863245 0.031850961538461495 0.14957264957264954
0 0.4767127403846153 0.41746794871794873 0.03876201923076925 0.07585470085470081
0 0.546875 0.4347442680776014 0.03000992063492065 0.14241622574955906
0 0.5162450396825398 0.4065255731922398 0.03273809523809516 0.06922398589065253
0 0.4897073412698413 0.34832451499118167 0.06349206349206353 0.09744268077601402
0 0.5261656746031745 0.34171075837742504 0.0416666666666667 0.10361552028218687
0 0.5611359126984127 0.3161375661375661 0.06299603174603172 0.08333333333333329
0 0.6003224206349207 0.33641975308641975 0.042162698412698416 0.062169312169312124
3 0.5676946989528796 0.38038103548574753 0.03579024869109944 0.06944444444444445
3 0.6789519074675325 0.297754329004329 0.044389204545454496 0.06718975468975469
3 0.6255580357142857 0.22177128427128423 0.0380478896103897 0.0865800865800866
0 0.686188412408759 0.12557447958907816 0.04999239659367394 0.07333062989997295
4 0.7890244829683698 0.09516085428494192 0.0408683090024331 0.05846174641795081
3 0.8119297445255473 0.0676196269261963 0.021289537712895344 0.043254933765882644
3 0.8561245437956202 0.05950932684509331 0.03858728710462298 0.05744795890781291
3 0.8704759732360097 0.15108813192754803 0.06538929440389296 0.07502027575020276
3 0.9807728607382551 0.18330860572541224 0.036891778523489904 0.07970445977297218
3 0.9562971895973155 0.04092095451155852 0.04142197986577152 0.0680462341536167
3 0.9881134647651006 0.05178133038399981 0.022210570469798796 0.05900635950028899
0 0.5933159722222223 0.6032021604938271 0.06401909722222224 0.14917695473251033