2 0.13689630681818185 0.8452493686868687 0.049272017045454544 0.10101010101010104
2 0.2432084517045455 0.6511205808080808 0.03995028409090908 0.10732323232323246
0 0.25830078125000006 0.8156565656565656 0.10475852272727275 0.13652146464646475
0 0.2702635324324727 0.942053345959596 0.1056016387285816 0.11311553030303022
0 0.34552556818181823 0.7272727272727274 0.07501775568181816 0.1207386363636363
0 0.39280007102272724 0.5994318181818182 0.07990056818181812 0.10022095959595971
0 0.4296431107954547 0.5733901515151516 0.06835937500000004 0.11284722222222222
0 0.41854580965909094 0.4585700757575758 0.0958806818181818 0.12468434343434356
0 0.489346590909091 0.38991477272727276 0.0830078125 0.13731060606060597
0 0.5197172619047619 0.25815696649029984 0.06299603174603172 0.12698412698412698
0 0.5522073412698413 0.21715167548500883 0.04861111111111116 0.10582010582010584
5 0.6271265136753505 0.9551036155202821 0.0665050114776852 0.0870149911816578