2 0.2400210084033613 0.7223389355742297 0.04332983193277311 0.08520074696545277
2 0.09361869747899154 0.952264239028945 0.04989495798319328 0.07819794584500464
0 0.2744879201680671 0.8927404295051354 0.10569852941176472 0.12721755368814186
0 0.36083984375000006 0.7470012626262627 0.0727982954545455 0.09864267676767674
0 0.399014559659091 0.6822916666666666 0.05859375000000004 0.0954861111111111
0 0.4363014914772728 0.6866319444444445 0.05504261363636367 0.09785353535353525
0 0.4096679687500001 0.5816761363636365 0.09588068181818188 0.11521464646464652
0 0.47003728693181823 0.5366950757575758 0.07990056818181816 0.10732323232323246
0 0.46892755681818193 0.45028409090909094 0.05548650568181816 0.09864267676767674
0 0.5286310369318181 0.33822601010101017 0.05237926136363633 0.10337752525252522
0 0.5663618607954546 0.27075441919191917 0.03639914772727284 0.10890151515151515
0 0.5792347301136364 0.21275252525252525 0.01953125 0.06865530303030304
5 0.746307636887608 0.3463016330451489 0.016210374639769397 0.03802433557476787
5 0.6573607819905213 0.8294497103738809 0.03554502369668251 0.0776724591890469
2 0.3036910076530613 0.5751133786848074 0.04982461734693877 0.05314625850340136