3 0.0758928571428571 0.6447245564892624 0.07221638655462184 0.11437908496732029
0 0.11200105042016802 0.8040382819794586 0.07352941176470588 0.23459383753501403
0 0.19931722689075623 0.5980392156862746 0.06433823529411764 0.1867413632119515
0 0.2349950396825397 0.525352733686067 0.04017857142857144 0.11199294532627861
0 0.27529761904761907 0.5275573192239859 0.051835317460317484 0.12081128747795415
3 0.2700892857142857 0.6501322751322751 0.06175595238095237 0.10141093474426816
5 0.31814775754884544 0.5710479573712257 0.0224800177619894 0.030836787053483364
0 0.31773146092362337 0.3871373593842511 0.05245337477797509 0.15097690941385436
3 0.36720137655417406 0.40613282020919683 0.026781749555950272 0.066607460035524
3 0.382604351687389 0.36555160844681267 0.03510768206039074 0.04465166765344383
0 0.38537966252220246 0.26699723702387995 0.04038077264653648 0.10015788434971383
0 0.40890042184724684 0.19076869942766925 0.021924955595026673 0.10410499309255973
0 0.4312416740674955 0.21568482336688374 0.030528419182948508 0.09917110716400236
0 0.4509463809946713 0.23270672982040652 0.014986678507992934 0.04588513913558319
0 0.42374833481349905 0.04595914742451154 0.022480017761989313 0.02713637260706534
0 0.38315941385435165 0.0739589500690744 0.012905195381882794 0.027876455496348936
0 0.31502553285968027 0.08974738504045787 0.012905195381882706 0.028369844089204666
0 0.4889681394316163 0.10195875271363725 0.06605239786856129 0.094237221235445
0 0.5245615008880995 0.050399644760213136 0.03066718472468919 0.09818432997829088