0 0.3488628926701571 0.629981093659104 0.07383017015706805 0.07053519488074464
0 0.39856020942408377 0.6163467132053518 0.05419666230366493 0.0723531122745782
0 0.4137966295811518 0.568717277486911 0.0568553664921466 0.04035776614310649
0 0.4215682264397905 0.5365401396160558 0.04744764397905756 0.061082024432809745
0 0.40847922120418845 0.48981966259453175 0.06585405759162306 0.06144560791157648
0 0.4338391688481675 0.44491710296684117 0.03435863874345548 0.0879872018615474
0 0.452961387434555 0.4023778359511343 0.04274378272251304 0.13234438627108783
0 0.49192402859237544 0.46670332355816224 0.0491431451612903 0.08777289019224502
0 0.47697489002932547 0.3988880742913002 0.04398826979472146 0.06048387096774195
0 0.519989461143695 0.3680351906158358 0.04204087243401755 0.08227435646790483
0 0.5253704896907216 0.20718785796105393 0.044566151202749094 0.06586483390607102
0 0.5557076890034364 0.15373234058801075 0.04295532646048113 0.05918289423444061
0 0.5870122354497355 0.31150793650793657 0.03472222222222223 0.12566137566137567
0 0.6384755291005291 0.30489417989417994 0.044229497354497306 0.14182833627278074
1 0.5465096672661871 0.260691446842526 0.025011241007194228 0.057953637090327706
1 0.6223864658273381 0.16876498800959233 0.03512814748201434 0.056954436450839314
1 0.8244435701438849 0.3178956834532374 0.0592963129496404 0.09742206235011991
2 0.9400466160220994 0.08563535911602214 0.063449585635359 0.09131368937998773
2 0.9346512430939227 0.17771639042357276 0.03280386740331487 0.07443216697360341
2 0.6948768587360594 0.16516935150764145 0.053438661710037215 0.07280049566294922
2 0.5980639231499051 0.14592557453088767 0.027573529411764674 0.04190385831752054
2 0.6347545066413662 0.11983449293695977 0.023274430740037922 0.04928315412186382
2 0.6559535104364327 0.09255745308876244 0.021495493358633766 0.03636938646426312
1 0.5710833728652751 0.19086021505376347 0.026980550284629957 0.035842293906810006
2 0.7039848197343453 0.048018131983976454 0.03424454459203048 0.05270925574530888
2 0.7351162239089184 0.06712523719165091 0.024756878557874805 0.05139152435167614
2 0.726443904174573 0.10547122074636311 0.06641366223908918 0.04901960784313725
2 0.5497414568345323 0.6126598721023181 0.052832733812949596 0.0774380495603517
2 0.336302832733813 0.8040067945643484 0.03512814748201434 0.07144284572342122