2 0.1826171875 0.63671875 0.0341796875 0.0546875
0 0.206787109375 0.8446180555555556 0.06103515625 0.1753472222222222
0 0.23429832175925927 0.9489583333333333 0.07406539351851853 0.09930555555555555
0 0.298095703125 0.7048611111111112 0.06884765625 0.19444444444444445
0 0.32275390625 0.5616319444444444 0.0458984375 0.1371527777777778
0 0.322509765625 0.6519097222222222 0.06494140625 0.11805555555555555
0 0.360595703125 0.6801215277777778 0.04150390625 0.08940972222222222
1 0.396484375 0.6776175213675213 0.05078125 0.09615384615384599
0 0.37935697115384615 0.5376602564102565 0.06219951923076925 0.1655982905982906
0 0.41301081730769235 0.4046474358974359 0.06159855769230767 0.14850427350427348
2 0.46529447115384615 0.5082799145299145 0.026141826923076917 0.08333333333333333
0 0.46920072115384615 0.3079594017094017 0.06340144230769233 0.13675213675213674
0 0.4909855769230769 0.1597222222222222 0.037860576923077004 0.12446581196581198
0 0.5237379807692308 0.18669871794871795 0.07151442307692309 0.16773504273504275
3 0.47415865384615385 0.4241452991452991 0.031850961538461495 0.06891025641025637
0 0.6000330687830688 0.01535861258083487 0.03430886243386242 0.024250440917107575
2 0.13532561188811185 0.7078477078477078 0.05080856643356642 0.08935508935508933