3 0.24864924065420563 0.4438603322949118 0.03541179906542058 0.08112668743509867
0 0.28132301401869164 0.5240134994807892 0.04453855140186915 0.1427829698857737
0 0.3621860397196262 0.37376687435098654 0.037602219626168144 0.14602803738317754
0 0.405621722027972 0.5364219114219114 0.057091346153846166 0.13743201243201245
0 0.38813920454545453 0.3285742035742035 0.04397945804195809 0.12577700077700077
0 0.42528955419580416 0.36086829836829837 0.03141389860139858 0.09032634032634038
0 0.40575830419580416 0.39607614607614605 0.02950174825174825 0.06264568764568763
0 0.4448302469135802 0.23748285322359394 0.0408950617283951 0.12071330589849107
0 0.47087191358024694 0.17781207133058985 0.045524691358024685 0.0768175582990398
0 0.4606481481481481 0.11145404663923182 0.0536265432098765 0.07304526748971195
0 0.34774502840909094 0.047558922558922606 0.023082386363636333 0.02946127946127947
0 0.4415542140151515 0.012836700336700391 0.01953125 0.021043771043771038
0 0.5121330492424242 0.12042297979797983 0.06658380681818184 0.10258838383838381
3 0.51171875 0.18073361823361825 0.047075320512820526 0.07122507122507125
3 0.5641025641025641 0.08493589743589743 0.02564102564102564 0.11182336182336185
0 0.5906450320512822 0.043625356125356125 0.029847756410256478 0.08475783475783476