0 0.38737587616822433 0.6288291796469367 0.05950642523364489 0.08242471443406016
0 0.41639894859813087 0.6372663551401869 0.04672897196261681 0.06814641744548296
0 0.44529204842931935 0.5845331588132634 0.053174083769633465 0.05890052356020945
0 0.47504908376963356 0.556173647469459 0.052969568062827224 0.08362420011634665
0 0.44621236910994766 0.5107257126236184 0.05705988219895284 0.07271669575334501
0 0.48926292539267013 0.48472949389179754 0.04908376963350784 0.06944444444444445
0 0.5185086714659686 0.5261780104712042 0.06053664921465964 0.05999127399650956
0 0.5505153795811518 0.36183827806864455 0.052969568062827224 0.07089877835951128
0 0.5848740183246074 0.4092859220477021 0.06524051047120424 0.07853403141361252
0 0.49870046477495106 0.35839312894107417 0.04250244618395307 0.05517503805175035
0 0.5211747798434442 0.3783702978908458 0.04127935420743647 0.08317025440313108
0 0.5869159735812133 0.28854098717112414 0.04280821917808222 0.09159599913024571
1 0.5240031800391389 0.15264187866927595 0.08485200587084156 0.06767775603392043
1 0.08028340840840838 0.5260677344010677 0.1271584084084084 0.10885885885885888
2 0.06878753753753748 0.3928094761428094 0.10651276276276275 0.11344678011344682
2 0.16884853603603597 0.4906156156156156 0.06217154654654653 0.05380380380380379
2 0.310670045045045 0.34004838171504836 0.03800675675675676 0.04796463129796465
2 0.5859844219219219 0.1715465465465465 0.04481043543543546 0.04045712379045712
3 0.6417759486607143 0.2014508928571429 0.022670200892857116 0.05642361111111111
3 0.7481515066964286 0.14626736111111116 0.03801618303571423 0.07254464285714286
3 0.8044782366071429 0.12580605158730165 0.0376674107142855 0.07006448412698414
3 0.8083147321428571 0.08147321428571433 0.026506696428571265 0.0384424603174603
3 0.6456622176591376 0.27312913529545974 0.036094712525667386 0.06587953456536617
3 0.9006513090349078 0.1218343600273785 0.04010523613963048 0.0621720282911248
3 0.9132443531827515 0.17331165868126852 0.03737808008213559 0.05675336527492587
3 0.40606022267206476 0.48172514619883045 0.024671052631578892 0.10796221322537107
3 0.4015015400410678 0.7187428701802417 0.029036190965092423 0.057038558065252216
3 0.38209060574948667 0.7368526123659596 0.034169661190965074 0.055042208532968255
4 0.22589189914163094 0.6338221268478779 0.0673953862660944 0.08762517882689554