2 0.4353335084033613 0.290499533146592 0.08337710084033612 0.07119514472455649
2 0.43697478991596633 0.40604575163398693 0.07615546218487398 0.08520074696545284
2 0.4888392857142856 0.5577731092436975 0.10766806722689078 0.07819794584500464
0 0.3881392045454546 0.5414299242424243 0.03329190340909087 0.09785353535353541
0 0.46670809659090917 0.47316919191919193 0.036843039772727335 0.13178661616161616
0 0.4755859375 0.47514204545454547 0.020862926136363667 0.07891414141414133
0 0.48526880296610175 0.4214336158192091 0.027476165254237284 0.0765065913370998
0 0.49801377118644063 0.36169962335216577 0.06355932203389827 0.0923964218455744
0 0.5271451271186441 0.3555202448210923 0.03840042372881358 0.09416195856873817
0 0.5458487817796611 0.3796492467043314 0.03409692796610164 0.09769303201506598
0 0.5680283368644068 0.4187853107344633 0.04005561440677967 0.15124764595103576
0 0.5695180084745763 0.32256355932203384 0.04237288135593218 0.08592278719397363
0 0.6787605932203389 0.15866290018832388 0.03840042372881358 0.0629708097928437
0 0.6825675317796611 0.12717749529190203 0.04998675847457621 0.056497175141242945
3 0.6251324152542374 0.21633709981167604 0.04700741525423728 0.08651129943502824
3 0.596001059322034 0.3596398305084746 0.03442796610169489 0.052966101694915266
3 0.701271186440678 0.24252589453860637 0.052304025423728716 0.06709039548022606
3 0.7011056673728813 0.2857815442561205 0.036745233050847495 0.04413841807909604
0 0.623812134502924 0.5735055230669266 0.05162646198830414 0.15756985055230674
2 0.4387792397660819 0.6262995451591943 0.047971491228070116 0.06985055230669267
3 0.9010416666666666 0.1496913580246914 0.05758101851851869 0.08179012345679013
3 0.8402777777777777 0.07278806584362145 0.04021990740740726 0.051440329218107025
4 0.7680844907407407 0.09027777777777783 0.04050925925925934 0.04526748971193415
3 0.9466145833333333 0.035236625514403354 0.04282407407407405 0.06481481481481481