1 0.13990283613445373 0.2677404295051354 0.12670693277310924 0.1330532212885154
2 0.44222689075630245 0.15744631185807656 0.05383403361344534 0.05718954248366012
2 0.6348933995327103 0.10280373831775706 0.05439544392523352 0.04153686396677053
2 0.904680198598131 0.19204309449636559 0.05512558411214954 0.0668483904465213
2 0.11845930232558137 0.4846576227390181 0.058139534883720936 0.0670219638242894
3 0.3551053779069767 0.47658268733850134 0.06540697674418601 0.08963178294573643
3 0.5177143895348838 0.5351259689922482 0.07994186046511631 0.08397932816537461
3 0.4225563226744186 0.4406492248062016 0.02498183139534884 0.07590439276485791
3 0.568076768488746 0.24365844944623077 0.0462218649517685 0.0710075026795284
3 0.6381631832797428 0.21574669524830295 0.0472266881028939 0.07145409074669525
3 0.6323993389423077 0.13007478632478636 0.033428485576922996 0.03305288461538463
3 0.6308030348557692 0.16162526709401712 0.01821664663461542 0.03405448717948718
0 0.3473282442748092 0.5657336726039017 0.06858301526717558 0.08693808312128921
0 0.38400524809160314 0.5657336726039016 0.04055343511450382 0.06785411365564045
0 0.4910543893129772 0.4544105173876166 0.04353530534351151 0.08481764206955043
0 0.6294131679389313 0.30810008481764206 0.07335400763358776 0.09541984732824424
0 0.529222328244275 0.32347328244274814 0.023258587786259534 0.07739609838846478
0 0.4157507944915254 0.5423728813559322 0.053297139830508475 0.08415725047080977
0 0.454151218220339 0.46468926553672313 0.02482786016949152 0.06414783427495294
0 0.4144266419491526 0.4726341807909604 0.04204184322033901 0.05885122410546136
0 0.4705376059322034 0.37876647834274957 0.019862288135593254 0.053554613935969934
0 0.4862619173728813 0.3213865348399247 0.02880031779661012 0.0765065913370998
0 0.501655190677966 0.37670668549905834 0.015227754237288149 0.05885122410546144
0 0.5422605994152048 0.18161143599740093 0.031980994152046804 0.06578947368421052
0 0.5689875730994153 0.18729694606887592 0.03883406432748533 0.049545159194282005
3 0.8194173177083334 0.1202256944444444 0.09684244791666678 0.0759548611111111
3 0.82470703125 0.03269675925925922 0.03499348958333339 0.05135995370370371
3 0.8580729166666667 0.19690393518518515 0.0390625 0.057146990740740755
3 0.9353841145833334 0.3014322916666667 0.08544921875 0.0868055555555556