0 0.35491071428571425 0.6371381886087769 0.04989495798319332 0.07352941176470587
0 0.585426401869159 0.34813084112149534 0.04161799065420553 0.141484942886812
0 0.6317903037383178 0.3542964693665628 0.06863317757009338 0.12915368639667701
0 0.5215391355140186 0.37052180685358255 0.049649532710280476 0.05776220145379018
0 0.4501679322429907 0.4341251298026999 0.04271320093457955 0.13174974039460022
0 0.4981746495327103 0.4649532710280374 0.048919392523364635 0.09735202492211843
0 0.4136609228971963 0.48345015576323996 0.06169684579439259 0.03958982346832821
0 0.41950204439252337 0.5272585669781932 0.06023656542056064 0.0649013499480789
0 0.42570823598130836 0.5772326064382138 0.05585572429906534 0.057113187954309474
0 0.4070896612149533 0.6246105919003115 0.061696845794392496 0.057113187954309474
0 0.5355943341121495 0.22222222222222227 0.04782418224299079 0.06619937694704048
0 0.5633396612149533 0.1664070612668744 0.03249123831775709 0.06619937694704048
3 0.545451226635514 0.6346703011422637 0.07118866822429908 0.07982866043613703
3 0.3472181658878505 0.8112019730010385 0.037602219626168235 0.09021287642782976
3 0.6776066004672898 0.34813084112149534 0.061696845794392455 0.05970924195223258
3 0.6754161799065421 0.16543354101765323 0.03833235981308416 0.061656282450674976
3 0.6202905957943925 0.15504932502596058 0.028110397196261693 0.051272066458982364
3 0.6480359228971964 0.12714174454828667 0.022999415887850462 0.052570093457943896
3 0.669392523364486 0.1015057113187955 0.01752336448598122 0.04543094496365525
3 0.6920268691588786 0.06808151609553484 0.025554906542056166 0.048676012461059175
2 0.5923434442270059 0.20754511850402263 0.019722358121330698 0.03016960208741032
2 0.6158115215264187 0.22140682757121116 0.04066780821917808 0.06006740595781695
2 0.579730308219178 0.27495107632093935 0.04250244618395307 0.07311372037399436
3 0.9180003369272238 0.08670260557053007 0.06485849056603765 0.07749326145552561
2 0.7674651342975206 0.11059458218549124 0.06779442148760344 0.06772268135904502
2 0.8158897210743803 0.365702479338843 0.10911673553719022 0.12339302112029382
3 0.9424393078512399 0.1929522497704316 0.05229855371900829 0.07403581267217632
2 0.5473484848484848 0.27588383838383834 0.0234375 0.05639730639730638