0 0.28460864485981313 0.5577622014537903 0.04672897196261685 0.14408099688473533
0 0.44031103971962626 0.5778816199376947 0.058046144859813076 0.1596573208722742
0 0.3687573014018692 0.4312045690550364 0.03614193925233646 0.15186915887850463
0 0.3890186915887851 0.38350207684319837 0.03796728971962619 0.12136552440290758
0 0.43099333573487036 0.43155619596541783 0.031295028818443704 0.11087095741274414
0 0.41061779538904897 0.3905299391610631 0.020713256484149945 0.06964457252641694
0 0.4438265489913545 0.3204851104707012 0.023189841498559183 0.10886967659301956
0 0.47129412824207495 0.2572446365674031 0.04345280979827084 0.0760486711495357
0 0.454746037463977 0.20321005443483828 0.05628602305475514 0.06884406019852704
0 0.5039400216138328 0.1952049311559398 0.06956952449567719 0.07925072046109512
3 0.5297190201729107 0.2388328530259366 0.042777377521613855 0.07444764649375604
0 0.5681060878962536 0.12776176753121998 0.05696145533141195 0.10286583413384562
3 0.5520082853025936 0.13876881203970542 0.03512247838616709 0.0696445725264169
0 0.5740724063400575 0.047110150496317664 0.06394092219020173 0.08805635606788345
0 0.639927053314121 0.035502721741914836 0.03624819884726218 0.0664425232148575
3 0.34837372448979587 0.6000566893424036 0.02774234693877551 0.08843537414965989
3 0.37723214285714285 0.5955215419501134 0.025510204081632626 0.10317460317460317