0 0.24097152058600652 0.9651025441329181 0.07335659257388216 0.06701713395638617
0 0.3463054906542056 0.8092549325025961 0.07009345794392527 0.11357736240913804
0 0.3886536214953272 0.6336967808930426 0.07082359813084112 0.09994807892004158
0 0.39686769859813087 0.7112538940809969 0.04198306074766349 0.12655763239875392
0 0.4193195093457944 0.7437045690550365 0.04088785046728964 0.07593457943925239
0 0.46404059579439255 0.5120067497403946 0.05731600467289706 0.09151090342679125
0 0.5200788551401869 0.40070093457943934 0.03431658878504677 0.07268951194184833
0 0.5386974299065421 0.2796599169262721 0.055490654205607545 0.12396157840083073
0 0.5445385514018691 0.23260643821391488 0.019713785046729094 0.06619937694704052
0 0.6036799065420562 0.17516874350986505 0.021904205607476614 0.053868120456905505
0 0.5094918224299065 0.08787642782969891 0.014602803738317682 0.028556593977154737
0 0.6352290783898306 0.020068267419962288 0.03873146186440675 0.03884180790960453
2 0.14698660714285713 0.7994047619047618 0.0296875 0.05
2 0.20792410714285717 0.774404761904762 0.0466517857142857 0.08095238095238103