2 0.11493389423076923 0.8784722222222221 0.033353365384615384 0.07905982905982903
2 0.23287259615384617 0.7374465811965811 0.04387019230769229 0.07371794871794851
2 0.2430889423076923 0.7772435897435896 0.03125 0.06570512820512814
0 0.25931490384615385 0.9201388888888888 0.10216346153846154 0.11217948717948727
0 0.3542668269230769 0.7727029914529914 0.0865384615384615 0.10683760683760682
0 0.4002403846153847 0.6370192307692308 0.07451923076923075 0.09935897435897445
0 0.4256310096153847 0.718215811965812 0.06039663461538458 0.10363247863247858
0 0.4375 0.5852029914529915 0.07512019230769233 0.10576923076923082
0 0.4649939903846153 0.48317307692307687 0.042367788461538415 0.0897435897435897
0 0.5234375 0.35817307692307687 0.04086538461538467 0.0982905982905983
0 0.5537860576923077 0.2751068376068376 0.05288461538461542 0.10309829059829059
0 0.5689603365384615 0.21768162393162394 0.01953125 0.063034188034188
5 0.6355698529411764 0.7855392156862746 0.039981617647058786 0.1070261437908496
1 0.5221053685897437 0.9368055555555556 0.13014823717948715 0.12361111111111112
2 0.44838503500803056 0.8792075163398693 0.12057521707488465 0.2388071895424836