0 0.3586374562937063 0.5786713286713285 0.07512019230769225 0.07624320124320126
0 0.39196350524475526 0.5743006993006993 0.05217438811188817 0.06653069153069156
0 0.4217908135775863 0.5468450670498084 0.04613415948275863 0.06405651340996173
0 0.42928340517241387 0.5332255747126436 0.05775188577586201 0.06375718390804602
0 0.42473733836206906 0.47844827586206895 0.05606815732758621 0.06794779693486595
0 0.48164735991379315 0.3808668582375479 0.03451643318965516 0.09129549808429122
0 0.49570649245689663 0.47066570881226055 0.05421605603448274 0.09129549808429119
0 0.5367052801724139 0.31456537356321845 0.04495554956896557 0.09039750957854413
0 0.4932381824234354 0.3243083296345613 0.042443408788282254 0.0854416333777185
0 0.5605962882822902 0.1983651427725995 0.024446571238348903 0.06916703654386747
0 0.5849908455392809 0.20012205947625386 0.029335885486018665 0.03754253587808848
0 0.5946654460719041 0.27271046012723776 0.03932256990679095 0.08026335256694775
0 0.6146908288948069 0.3162635005178281 0.06148052596537949 0.07970853676579372
2 0.6333172401685394 0.10771691635455675 0.04937675561797752 0.041354556803995
2 0.4115607443820225 0.17794163545568034 0.053546348314606716 0.035112359550561814
2 0.1660062799043062 0.4531499202551834 0.03252093301435406 0.05515683147262093
1 0.07423744019138753 0.43487506645401386 0.06279904306220094 0.10101010101010104
2 0.9633298444976077 0.16872674109516217 0.052706339712918646 0.05781499202551835
3 0.3683712121212121 0.46506734006734 0.05255681818181825 0.0816498316498316
3 0.4455492424242424 0.43476430976430974 0.026988636363636333 0.07491582491582491
1 0.2421875 0.2125420875420875 0.10416666666666666 0.10016835016835013
3 0.5325520833333334 0.5415943287037036 0.0927734375 0.08246527777777778
3 0.6358963815789472 0.15003654970760233 0.030016447368420972 0.04605263157894737
3 0.6449424342105262 0.17616959064327484 0.015213815789473718 0.04788011695906431
3 0.6678659539473684 0.21436403508771928 0.04132401315789478 0.07383040935672511
3 0.7173108552631579 0.061403508771929835 0.025904605263157965 0.05665204678362573
3 0.8253495065789472 0.07913011695906433 0.033100328947368494 0.06871345029239767
3 0.8467310855263157 0.047880116959064314 0.01336348684210531 0.0625
3 0.8851425438596493 0.13795484080571804 0.08840460526315805 0.07716049382716048
3 0.3723024103139014 0.6980568011958146 0.03363228699551568 0.061036372695565354