2 0.19143907563025206 0.3657796451914099 0.11423319327731092 0.09337068160597571
2 0.2712053571428571 0.4789915966386555 0.09782037815126055 0.10737628384687209
2 0.20063025210084023 0.746265172735761 0.15099789915966383 0.18907563025210083
3 0.53125 0.38514109347442677 0.03645833333333339 0.0493827160493827
3 0.5932539682539681 0.208994708994709 0.060267857142857206 0.10361552028218696
3 0.6494295634920635 0.3018077601410935 0.04017857142857144 0.05291005291005288
3 0.71875 0.2014991181657849 0.03546626984126986 0.0824514991181658
3 0.8257688492063492 0.13932980599647268 0.0644841269841269 0.08068783068783066
3 0.8588789682539681 0.031525573192239864 0.040426587301587345 0.05555555555555555
3 0.9458085317460316 0.14836860670194005 0.053571428571428645 0.08112874779541449
3 0.9530009920634921 0.026234567901234573 0.041170634920634976 0.05202821869488537
0 0.34184451219512196 0.5623306233062331 0.035060975609756094 0.09349593495934959
0 0.4184451219512195 0.4915311653116531 0.03353658536585371 0.1524390243902439
0 0.4294969512195122 0.47188346883468835 0.019054878048780477 0.07249322493224931
0 0.4510289634146341 0.5724932249322493 0.045350609756097615 0.12737127371273718
0 0.5501143292682927 0.5904471544715447 0.05983231707317076 0.149728997289973
0 0.5184832317073171 0.44478319783197834 0.051448170731707335 0.13211382113821146
0 0.47389481707317077 0.4190379403794038 0.030868902439024383 0.11043360433604335
0 0.4927292427007298 0.38392133008921325 0.026231751824817538 0.08008921330089211
0 0.5467609489051094 0.2903994322789944 0.052748631386861346 0.09073398215733981
0 0.5745609032846716 0.325375101378751 0.059876824817518236 0.08769261962692616
0 0.5017107664233575 0.29293390105433903 0.057310675182481764 0.0978304947283049
0 0.5102645985401459 0.3279095701540957 0.03221943430656937 0.09580291970802912
0 0.6702212591240876 0.09119018653690192 0.03849224452554738 0.06944444444444445
0 0.6792027828467153 0.1357968369829684 0.03649635036496353 0.06843065693430657
2 0.10365032327586206 0.7687978927203065 0.051858836206896554 0.07543103448275856
3 0.40340909090909094 0.5946969696969696 0.02982954545454537 0.07659932659932664