2 0.16780323093220337 0.7436440677966101 0.04071769067796609 0.08298022598870057
2 0.22556938559322032 0.7024482109227872 0.026483050847457612 0.037076271186440676
0 0.23028078581905387 0.938070856873823 0.04914737672285345 0.1210805084745764
0 0.3397775423728813 0.7816031073446328 0.06620762711864407 0.16242937853107337
2 0.3682468220338983 0.8442796610169492 0.03641419491525424 0.10534369114877586
0 0.4104541843220339 0.612111581920904 0.05925582627118642 0.18596986817325806
0 0.45878575211864403 0.4602754237288135 0.060579978813559344 0.11534839924670434
0 0.4960275423728813 0.36876177024482104 0.05164194915254239 0.13241525423728812
3 0.533103813559322 0.42319915254237295 0.03442796610169489 0.09887005649717516
3 0.5314486228813559 0.5276600753295668 0.03177966101694922 0.0770951035781544
0 0.5403866525423728 0.25812146892655363 0.04171080508474576 0.14065442561205274
0 0.4611030190677966 0.16013418079096042 0.015558792372881314 0.022363465160075355
0 0.5448556673728813 0.05302495291902067 0.0235037076271186 0.03648775894538606
0 0.6332428495762712 0.03154425612052726 0.05925582627118651 0.06061676082862525