0 0.2412385657638571 0.947781308851224 0.10416675017178205 0.10165960451977409
0 0.35136387711864403 0.7877824858757061 0.08871822033898305 0.11005178907721276
0 0.4086334745762712 0.612994350282486 0.078125 0.11122881355932211
0 0.40035752118644063 0.6733168549905838 0.04700741525423728 0.088276836158192
0 0.3982057733050848 0.744526836158192 0.04800052966101696 0.09063088512241053
0 0.4276681673728813 0.7448210922787194 0.04336599576271185 0.0794491525423727
2 0.129622054973822 0.8359511343804537 0.03456315445026181 0.06435427574171039
2 0.22124509162303668 0.7519633507853403 0.05378763089005236 0.07453461314717849
2 0.20979221204188486 0.8235892961023851 0.04028959424083767 0.06435427574171039
2 0.2490592277486911 0.6225276323443862 0.03210896596858639 0.046902268760907535
2 0.2746236910994765 0.6365255962769051 0.028836714659685826 0.03199534613147171
0 0.5218831806282722 0.3809264107038976 0.05010634816753923 0.11198371146015124
0 0.5504131217277487 0.3056646305991855 0.0355857329842932 0.06253635834787666
0 0.5573666557591623 0.23676556137289123 0.023314790575916254 0.06871727748691099
5 0.619996488764045 0.7262796504369539 0.029143258426966235 0.08021223470661674
0 0.6205357142857142 0.16808390022675743 0.015306122448979576 0.044217687074829946