0 0.41334033613445376 0.4398926237161531 0.09059873949579833 0.11321195144724554
0 0.3769038865546218 0.5892857142857143 0.08075105042016806 0.09453781512605046
0 0.4235162815126049 0.5601073762838469 0.07287289915966388 0.11554621848739496
2 0.229188550420168 0.65406162464986 0.04136029411764706 0.08636788048552752
2 0.13760504201680668 0.8227124183006537 0.04332983193277311 0.11087768440709611
0 0.23608193277310918 0.8005368814192344 0.09847689075630253 0.14355742296918758
0 0.3306197478991596 0.7404295051353876 0.10241596638655462 0.1587301587301588
0 0.25741859243697474 0.9341736694677871 0.13589810924369747 0.12838468720821666
0 0.4890478971962617 0.3909657320872275 0.05183995327102799 0.09994807892004162
0 0.514055198598131 0.26667964693665636 0.05293516355140184 0.10189511941848393
0 0.5481892523364487 0.22514278296988582 0.04818925233644862 0.095404984423676
5 0.735595703125 0.361328125 0.0224609375 0.05555555555555555