0 0.36439098011363635 0.5998263888888888 0.07013494318181816 0.0804924242424243
0 0.4030095880681818 0.5994318181818182 0.05149147727272729 0.08128156565656562
0 0.42930475504322774 0.5678434197886647 0.04953170028818441 0.05843739993595902
0 0.443939121037464 0.5534341978866474 0.05763688760806911 0.07044508485430676
0 0.43121847982708933 0.5 0.05696145533141213 0.05803714377201411
0 0.5099063400576369 0.5032020493115594 0.04773054755043234 0.08685558757604868
0 0.49121938040345825 0.39713416586615435 0.036473342939481235 0.0940601985270573
0 0.5464864564831261 0.3407588316558121 0.040658303730017754 0.07746200907835016
0 0.5027059280639431 0.3503799092164989 0.04662522202486681 0.08042234063548455
0 0.5197047069271757 0.40477600157884347 0.02789187388987573 0.061920268403394534
0 0.6027533198614318 0.34972414677957403 0.0687427829099307 0.08468052347959963
0 0.571178550808314 0.2352129843469335 0.025801096997690464 0.07120862201693608
0 0.6024826789838337 0.2862137541698742 0.04871535796766739 0.06992558378239669
1 0.3266806722689075 0.18720821661998133 0.10898109243697478 0.10037348272642392
1 0.1307116596638655 0.4107142857142857 0.06762079831932774 0.11321195144724562
2 0.3823159427966102 0.22604755178907715 0.05131091101694922 0.05885122410546136
2 0.6266220868644068 0.13777071563088508 0.03873146186440683 0.05414312617702449
3 0.8492406031468531 0.10761460761460757 0.043979458041958 0.08401320901320901
3 0.7398382867132868 0.09498834498834494 0.02349213286713283 0.05487567987567988
3 0.759506118881119 0.13189588189588183 0.02677010489510483 0.04710567210567211
3 0.6932637674825175 0.219551282051282 0.044525786713286664 0.06895881895881896
3 0.6364455856643356 0.18434343434343428 0.017755681818181834 0.04516317016317015
3 0.649694055944056 0.211052836052836 0.01802884615384608 0.050990675990676
3 0.9240262681159421 0.19001610305958125 0.06868961352657017 0.08252818035426732
3 0.38123276654411764 0.47293709150326796 0.04653033088235303 0.07199754901960781
3 0.46208639705882354 0.44000204248366004 0.03015854779411766 0.06535947712418301
3 0.5301585477941176 0.55999795751634 0.07439108455882355 0.0663807189542484