0 0.3919160487288135 0.5650306026365348 0.029462394067796625 0.0717984934086629
0 0.4763307733050848 0.45703860640301314 0.04601430084745761 0.11005178907721284
0 0.5799457097457628 0.3940677966101695 0.04270391949152543 0.13241525423728812
0 0.6449947033898304 0.5061793785310734 0.06355932203389836 0.1494821092278719
0 0.4711996822033898 0.4096633709981167 0.052304025423728806 0.06944444444444445
0 0.4837791313559322 0.39053672316384175 0.04965572033898304 0.06885593220338986
0 0.5139036016949152 0.3981873822975517 0.028469279661016957 0.08768832391713749
0 0.587063029661017 0.3490466101694915 0.030455508474576298 0.06944444444444445
0 0.6345670021186441 0.1686676082862523 0.036745233050847495 0.09945856873822974
4 0.6641949152542372 0.10687382297551784 0.03177966101694914 0.04413841807909606
3 0.21083818855932202 0.724223163841808 0.04402807203389827 0.08415725047080977
3 0.40416445974576265 0.6950918079096045 0.048662605932203375 0.07886064030131819
3 0.5086069915254237 0.6144656308851225 0.06554555084745761 0.08003766478342753
3 0.4740135063559322 0.5720927495291902 0.05395921610169489 0.07532956685499062
2 0.542869438559322 0.3519891713747646 0.0546212923728814 0.08121468926553671
2 0.5744835805084746 0.2634180790960452 0.07415254237288131 0.07356403013182676
3 0.6077314481268011 0.2328290105667627 0.041651657060518585 0.07204610951008646
3 0.6528728386167147 0.2686519372398335 0.047280259365994226 0.06684277937880244
3 0.6310338616714697 0.3296910022414345 0.04953170028818441 0.06404098623118802
3 0.6976765129682997 0.21922030099263526 0.03422190201729123 0.07524815882164586
3 0.7404513888888888 0.10596707818930046 0.02575231481481488 0.05606995884773663
3 0.7680844907407407 0.08667695473251034 0.025462962962962975 0.06995884773662552
3 0.7841435185185184 0.04218106995884779 0.02517361111111107 0.04886831275720163
3 0.8680555555555556 0.04758230452674902 0.04890046296296298 0.07098765432098764
3 0.919849537037037 0.12011316872427989 0.05989583333333357 0.07613168724279838
3 0.9447337962962962 0.037551440329218165 0.03385416666666643 0.06532921810699588