1 0.13202468487394953 0.5250933706816059 0.058429621848739496 0.11321195144724554
0 0.1425288865546218 0.6412231559290382 0.0505514705882353 0.1797385620915033
0 0.189469537815126 0.6464752567693745 0.06433823529411761 0.1972455648926238
0 0.239013671875 0.4665798611111111 0.05419921875 0.17100694444444445
0 0.271591318443804 0.4533701569004162 0.03444704610951006 0.12407941082292666
0 0.2941057276657061 0.42635286583413384 0.03534762247838619 0.08845661223182838
3 0.2986086095100865 0.5116074287544028 0.038949927953890476 0.09325968619916748
3 0.33890940201729103 0.4905939801472943 0.0493065561959654 0.06484149855907782
5 0.32630641330166277 0.4584323040380047 0.011690914489311144 0.020124043283188085
0 0.34477063539192404 0.28737793613090523 0.046763657957244666 0.15439429928741094
3 0.3862455463182898 0.28539852203747684 0.03099020190023758 0.05938242280285036
0 0.39366834916864607 0.20523225125362887 0.04360896674584325 0.08115597783056212
3 0.45824673396674587 0.24581024016890995 0.03507274346793352 0.07719714964370551
0 0.40508090855106893 0.12028239641066243 0.05529988123515439 0.10589865399841647
0 0.46641181710213786 0.16597387173396672 0.018000296912113977 0.06268144629189759
0 0.3135020783847981 0.042260490894695135 0.02171169833729216 0.02969121140142518
0 0.3808640142517815 0.02395091053048294 0.017258016627078376 0.02342306677223542
0 0.5034330463182898 0.07739509105304826 0.0523307600950119 0.09864080232251252
0 0.5323819774346793 0.02296120348376877 0.024495249406175736 0.04519662179994721
0 0.4452252094972066 0.15588144009931718 0.01789455307262582 0.08457479826194911
2 0.16196752793296085 0.4146492861576661 0.017021648044692705 0.04345127250155182