0 0.4980304621848739 0.35585901027077493 0.05777310924369754 0.16456582633053224
0 0.5505514705882353 0.2315592903828198 0.06302521008403357 0.15406162464985998
0 0.422531512605042 0.5805322128851541 0.0748424369747899 0.1587301587301588
2 0.13467684659090912 0.757260101010101 0.040394176136363646 0.05287247474747466
2 0.19216086647727276 0.7710700757575759 0.026633522727272707 0.0804924242424243
2 0.18971946022727276 0.7043876262626263 0.02263849431818179 0.041824494949494966
0 0.23921342329545459 0.9111426767676767 0.05948153409090908 0.1554608585858585
0 0.34108664772727276 0.7541035353535354 0.0750177556818182 0.17913510101010105
0 0.3671649855907781 0.6260806916426512 0.039175072046109524 0.07724943964137054
0 0.3707672910662825 0.6865193723983349 0.05988832853025934 0.10126480947806608
0 0.4079160662824207 0.7423551072686518 0.0369236311239193 0.07044508485430682
0 0.5214714403973509 0.05773240127544768 0.017763520971302425 0.03127299484915379
0 0.5674323951434879 0.01327569291145455 0.018280905077262675 0.025754231052244284
0 0.6227924944812362 0.023700024527839144 0.031732891832229534 0.04476330635271032
0 0.45393786127167635 0.4478163134232498 0.04515895953757223 0.08509955041746954