0 0.41244041313559326 0.6362405838041431 0.0546212923728814 0.06002824858757062
0 0.44182180851063835 0.6391351457840819 0.027980939716312037 0.048266351457840764
0 0.47451241134751776 0.5773246650906226 0.03850842198581557 0.0684594168636722
0 0.4680739182692307 0.5050080128205129 0.052208533653846166 0.06844284188034185
0 0.5013146033653847 0.5487446581196581 0.03831129807692309 0.07645566239316237
0 0.5363393930288461 0.5393963675213675 0.04450871394230775 0.05909455128205126
0 0.5080754206730769 0.4741252670940171 0.04770132211538467 0.06276709401709407
0 0.5311349222585925 0.4382842334969994 0.040660801963993444 0.06614839061647568
0 0.5087586947626841 0.3665666484815421 0.03861497545008179 0.06273867975995641
0 0.5354823036006546 0.3787279505364612 0.0383592471358428 0.06978541553009643
0 0.5611190671031097 0.3624749954537188 0.04590323240589198 0.04682669576286591
0 0.5957702536824877 0.442262229496272 0.05229644026186584 0.08319694489907256
0 0.5832390320334262 0.27541782729805014 0.042000348189415074 0.07969668833178581
0 0.6039197198275863 0.2604166666666667 0.03111530172413799 0.06944444444444445
1 0.33110386690647486 0.3885891286970424 0.09161420863309351 0.1328936850519584
1 0.6677720323741008 0.1442845723421263 0.10397931654676258 0.06994404476418864
2 0.3024064781021898 0.3094079480940795 0.10179060218978098 0.08921330089213303
2 0.24936368778280546 0.5241955756661639 0.046309389140271495 0.04776269482151842
2 0.5662781762295082 0.21624544626593803 0.03618084016393448 0.04610655737704919
3 0.19985875706214687 0.534526051475204 0.03619350282485878 0.055712492153170166
3 0.41591631355932196 0.7420747018204646 0.06223516949152543 0.11456371625863161
3 0.6399879291845494 0.28928230805913213 0.0316858905579398 0.058714830710538894
3 0.6412453057939914 0.21879470672389129 0.03721834763948504 0.046494992846924176
3 0.7382309549356223 0.06947424892703866 0.031015289699570837 0.03636146876490225
3 0.8073866684549355 0.10777300906056274 0.05230686695278965 0.08136623748211733
3 0.9537453057939913 0.0962982832618026 0.04459495708154506 0.06139723414401524
3 0.9768810354077253 0.15054244158321414 0.040236051502146 0.05901287553648069
4 0.5245837355212355 0.26270913770913773 0.04946911196911197 0.05523380523380526
4 0.33485159266409265 0.5512119262119263 0.05188223938223935 0.07882882882882877
3 0.434242277992278 0.5002681252681254 0.027449324324324297 0.12494637494637502