3 0.11320070876288657 0.707975372279496 0.04228414948453609 0.09808132875143181
2 0.06480368589743593 0.7470619658119659 0.05208333333333333 0.06410256410256415
2 0.15344551282051286 0.6295405982905983 0.024038461538461543 0.06410256410256415
0 0.17648237179487186 0.897079772079772 0.09214743589743588 0.17183048433048434
0 0.17673277243589744 0.8329772079772081 0.05859374999999998 0.1736111111111111
0 0.2574013157894736 0.6853070175438596 0.07154605263157894 0.18640350877192982
0 0.28618421052631576 0.6377923976608186 0.06085526315789469 0.12792397660818705
0 0.28556743421052627 0.5533625730994152 0.03741776315789469 0.14327485380116955
0 0.3180509868421052 0.6739766081871345 0.03248355263157894 0.08479532163742694
0 0.3406099276527331 0.5596195069667738 0.05702371382636655 0.1571989996427296
5 0.4300905257936508 0.5844631834215167 0.03317212301587302 0.036375661375661394
0 0.375518273955774 0.40171990171990163 0.05393888206388211 0.145031395031395
0 0.4368473587223588 0.30941168441168443 0.06219287469287469 0.12899262899262898
3 0.4339978448275862 0.4366509926854754 0.03869514106583072 0.08185301288749566
0 0.47279575892857145 0.17344576719576718 0.06231398809523814 0.10747354497354497
0 0.4900018601190476 0.19080687830687826 0.07626488095238101 0.1669973544973545
0 0.5639415922619048 0.04199735449735446 0.028831845238095167 0.07605820105820106
0 0.5825427827380952 0.022569444444444406 0.024181547619047627 0.042162698412698416
0 0.6790364583333334 0.2718253968253968 0.15020461309523814 0.2397486772486773
0 0.7155412946428572 0.044890873015872974 0.09765625 0.08680555555555555