0 0.34833829365079366 0.6298500881834215 0.07539682539682539 0.08377425044091716
0 0.39223710317460314 0.6144179894179894 0.05902777777777772 0.06790123456790119
0 0.40702708703374774 0.5738849417801462 0.06341585257548843 0.04489836194987167
0 0.41674067495559497 0.5483520820998619 0.042601021314387214 0.04119794750345373
0 0.40584757992895193 0.4997533057035721 0.06716252220248675 0.07129465166765346
0 0.44171847246891643 0.4328991513716203 0.03982571047957366 0.10139135583185319
0 0.48327875222024863 0.46990329583580037 0.05828152753108355 0.08806986382474843
0 0.4557337921847246 0.3749259917110716 0.04398867673179394 0.13000789421748568
0 0.47724245115452923 0.39577165975922635 0.05703263765541742 0.07746200907835012
0 0.5169987788632326 0.36246792974146436 0.043849911190053346 0.09719755279257952
0 0.5186639653641207 0.2071738701401223 0.038576820603907616 0.07178804026050918
0 0.5588365896980461 0.16646931122952438 0.03316496447602128 0.08412275508190249
0 0.6466393849206349 0.29717813051146386 0.0415426587301587 0.12566137566137564
0 0.5855654761904762 0.2938712522045856 0.029761904761904746 0.1058201058201058
2 0.6300150742115027 0.13744588744588743 0.031452922077922094 0.047670583384869084
2 0.8128411572052402 0.30864871421639983 0.04093886462882077 0.0903687530325085
3 0.9660207423580784 0.1036511402231926 0.060725982532751036 0.08794274623968949
3 0.7091145833333333 0.11743827160493828 0.03559027777777768 0.06296296296296297
3 0.7232638888888888 0.15787037037037038 0.02777777777777768 0.05987654320987655
3 0.7246527777777778 0.031635802469135804 0.029166666666666608 0.05185185185185184
3 0.7418402777777777 0.06882716049382714 0.03715277777777768 0.06635802469135801
3 0.6455729166666666 0.10123456790123456 0.026215277777777768 0.04351851851851851
3 0.5899305555555555 0.15246913580246912 0.03194444444444446 0.04722222222222222
2 0.5372395833333334 0.17669753086419754 0.026215277777777768 0.02469135802469135