2 0.05915178571428566 0.5525210084033614 0.11488970588235295 0.12605042016806725
0 0.2804103387850468 0.5808021806853583 0.040522780373831765 0.13174974039460036
0 0.35871787383177567 0.49643042575285573 0.03358644859813085 0.13953790238836963
0 0.36930490654205606 0.45392004153686394 0.03066588785046731 0.10773624091381101
0 0.40690712616822433 0.5324506749740395 0.0313960280373831 0.09605399792315679
0 0.4844845210280374 0.5856697819314642 0.05877628504672892 0.16744548286604363
0 0.4028550392670157 0.4334642233856893 0.029654777486911053 0.10507562536358345
0 0.4069453534031414 0.3652923211169284 0.049288285340314174 0.07562536358347868
0 0.4373159358638744 0.42728330424665506 0.04867473821989528 0.13925247236765562
0 0.43984513765541744 0.3496398263272153 0.04024200710479571 0.07351490033550424
0 0.4518483570159858 0.3165827906058812 0.03538521314387211 0.049832247878429096
0 0.47696492007104785 0.30782514308269193 0.025116563055062092 0.08806986382474835
0 0.5261573046181172 0.25811624235247677 0.05106571936056836 0.09275705545687782
3 0.5367728685612787 0.19052200513124135 0.06979906749555953 0.08683639234260904
3 0.5575876998223801 0.2821689362541938 0.04038077264653648 0.06389382277481745
0 0.640625 0.08039529914529915 0.049278846153846166 0.077991452991453
0 0.628414489311164 0.03698205331221955 0.014660035629453639 0.05872261810504092
3 0.6826009501187649 0.10015835312747422 0.024680819477434744 0.0775270519926102
3 0.7435607185273159 0.08118896806545259 0.04156769596199528 0.09501187648456057
3 0.8574079572446557 0.06650831353919237 0.051031769596199615 0.08874373185537081
3 0.9274606591448931 0.028734494589601443 0.04713479809976242 0.05674320401161256
3 0.9749665973871734 0.026755080496173107 0.03822743467933485 0.05080496173132753
3 0.33669704861111105 0.6065779320987654 0.030924479166666696 0.08777006172839516