2 0.02723422897196266 0.5042185877466251 0.05403037383177569 0.08372274143302182
2 0.45527891355140193 0.15667185877466255 0.104044976635514 0.10384215991692626
4 0.16572745901639346 0.6837431693989071 0.060963114754098324 0.09016393442622943
0 0.37652277542372875 0.6212335216572504 0.06466278248587569 0.07336785938480854
0 0.40642655367231634 0.6231952291274325 0.05208333333333339 0.06630571249215317
0 0.43695652173913047 0.5835748792270531 0.051222826086956455 0.05772946859903385
0 0.4648777173913044 0.5611111111111111 0.04864130434782617 0.07222222222222222
0 0.43525815217391306 0.5074879227053141 0.05353260869565215 0.07125603864734296
0 0.5133831521739131 0.5136473429951691 0.052989130434782615 0.057971014492753645
0 0.5839673913043478 0.3905797101449276 0.07051630434782608 0.07850241545893724
0 0.5447552577014217 0.3569971037388099 0.04831901658767777 0.06417851500789884
0 0.4973156101895734 0.3992068193786203 0.035452458530805676 0.06335571353343868
0 0.5214751184834123 0.4205173775671405 0.03674837085308056 0.07010268562401265
0 0.501145154723127 0.3710640608034745 0.06451038273615647 0.0861834961997829
0 0.5040716612377849 0.3697068403908795 0.027101995114006527 0.06492037640246108
0 0.5859502239413681 0.2956252262034021 0.03995317589576537 0.09500542888165045
2 0.5965747149837133 0.16046869344914946 0.04516999185667743 0.05315779949330438
3 0.7251981548856549 0.1686590436590437 0.0370322245322245 0.07045507045507043
3 0.7770919958419957 0.11134211134211136 0.041092775467775414 0.06323631323631321
3 0.8812980200945626 0.1243761491988443 0.04155585106382986 0.06271342264250065
3 0.8838837174940899 0.16492645127396904 0.030474290780141723 0.04793800893091677
3 0.6444167345276872 0.2550217155266015 0.028756107491856663 0.0660513934129569
2 0.3266059027777778 0.2970679012345679 0.04861111111111112 0.04629629629629627
2 0.18012152777777776 0.4837962962962963 0.0690104166666667 0.06327160493827158
2 0.3930121527777778 0.4614197530864197 0.03298611111111107 0.08179012345679008