3 0.17840021306818185 0.47514204545454547 0.052379261363636374 0.12941919191919202
0 0.19748757102272732 0.5800978535353536 0.04971590909090913 0.16887626262626268
0 0.27516867897727276 0.5662878787878788 0.0665838068181818 0.16493055555555555
0 0.2923951048951049 0.40991647241647244 0.05900349650349659 0.16511266511266512
0 0.3182091346153846 0.3938908313908314 0.033599213286713336 0.10975135975135977
0 0.34019886363636365 0.3615967365967366 0.025677447552447587 0.08109945609945607
3 0.35877403846153844 0.4577505827505827 0.07375437062937058 0.06847319347319349
5 0.3747306034482759 0.3935883620689655 0.02104660560344822 0.03232758620689648
0 0.38744899851632053 0.23046488625123643 0.03964206231454002 0.13476755687438183
0 0.4276706231454007 0.16782063963072866 0.055637982195845745 0.07459610946257828
0 0.42917748516320486 0.08539399934058688 0.04474221068249262 0.08860863831190238
0 0.48984375 0.11620370370370368 0.019618055555555534 0.062345679012345695
3 0.5020833333333333 0.16080246913580246 0.028819444444444463 0.1256172839506173
0 0.3289930555555555 0.013888888888888885 0.015625 0.020679012345679017
0 0.5432054924242424 0.040193602693602754 0.029888731060606057 0.07365319865319865